4.768579793055646165e-01 2.025300081461344703e+01 5.034293957003936448e+00 6.829724602959967861e-01 3.205671751705977957e-01
0.000000000000000000e+00 2.374331350320184608e+00 7.927512312724285248e-01 6.071158584199085606e-01 7.634338056437102171e-01
0.000000000000000000e+00 2.374331350320184608e+00 7.927512312724285248e-01 8.098651791577842207e-01 3.046244528965951215e-01
0.000000000000000000e+00 3.587843558730487992e+00 1.013672558084180109e+00 9.174105887711329066e-01 5.052184659008623901e-01
0.000000000000000000e+00 3.587843558730487992e+00 1.013672558084180109e+00 8.171374259859113254e-01 2.015916738695383015e-01
4.872064309824271633e-01 2.023628400925409920e+01 5.208004292079587927e+00 6.549053597953582440e-01 3.212053404501225007e-01
0.000000000000000000e+00 3.416971292916091585e+00 1.975678785154304062e+00 7.137173815939776844e-01 2.058226046961549316e-01
0.000000000000000000e+00 3.416971292916091585e+00 1.975678785154304062e+00 9.429819750680148438e-01 7.123041037888511173e-01
0.000000000000000000e+00 2.864049109864320819e+00 7.913676196302965593e-01 8.515048836845513502e-01 2.455579163282207711e-01
0.000000000000000000e+00 2.864049109864320819e+00 7.913676196302965593e-01 7.903919742933490644e-01 8.498187639625115475e-01
4.537385190465287321e-01 1.990445227898930369e+01 5.309764457136274984e+00 6.555043038484696938e-01 3.155908698715131910e-01
0.000000000000000000e+00 3.678313798484220243e+00 2.743572115920112076e+00 9.765967515560940448e-01 8.618765044746091730e-01
2.631094999763897713e-01 3.678313798484220243e+00 2.743572115920112076e+00 2.756425983081192133e-01 2.325144437755191917e-01
1.911099408612288927e-02 3.678313798484220243e+00 2.743572115920112076e+00 7.007259064427346917e-01 2.167289199965641011e-01
1.911099408612288927e-02 2.678422230241607860e+00 7.790150434739355756e-01 9.623164494087889098e-01 2.976367833095654447e-01
4.278058164333666813e-01 1.946982059237315354e+01 5.698684598371633214e+00 6.497146224166703288e-01 3.241365597933990594e-01
0.000000000000000000e+00 3.640427913778890190e+00 3.425164316055559599e+00 2.842616372973857386e-01 2.130772209741023937e-01
0.000000000000000000e+00 3.640427913778890190e+00 3.425164316055559599e+00 9.961255349358855149e-01 9.861065469360352775e-01
9.889605331280373890e-03 2.233097334241775478e+00 8.177795625315258388e-01 9.199882398359502389e-01 3.287765076446002022e-01
0.000000000000000000e+00 2.233097334241775478e+00 8.177795625315258388e-01 6.110395067063524310e-01 6.220587096983284381e-01
0.000000000000000000e+00 3.427839735567952850e+00 1.007192544860708194e+00 2.832131995898045096e-01 2.368793156710062853e-01
8.623568335338811508e-01 1.895767409332632880e+01 5.710578930190685298e+00 6.503497333067473907e-01 3.321784190883065313e-01
1.168771539151316347e-02 2.102566908338976859e+00 8.184478814600195662e-01 9.376467084571882271e-01 3.005403497400777058e-01
0.000000000000000000e+00 3.840584540308554118e+00 3.552488362600612071e+00 8.913378609471295233e-01 8.871112100847771131e-01
4.714045207910316088e-02 3.598759202813373470e+00 1.026520882789626388e+00 4.132374077406800739e-01 2.179390772180876124e-01
9.227397541363971945e-01 1.863115790874242350e+01 5.817068367852734845e+00 6.540814349455568166e-01 3.299921586056172029e-01
1.305986910482395791e+00 1.428442560549317841e+00 6.081456033868529731e-01 1.172171377107812662e-01 2.323375014668414562e-01
6.334298033351245527e-01 1.428442560549317841e+00 6.081456033868529731e-01 7.374078192510885588e-01 3.538637392333482956e-01
0.000000000000000000e+00 4.379098339690097319e+00 3.342165075121492634e+00 9.011788111337666329e-01 8.272069820702793175e-01
2.946278254943950417e-02 4.379098339690097319e+00 3.342165075121492634e+00 2.267158899524980009e-01 1.865377076274708223e-01
0.000000000000000000e+00 2.154433691327557909e+00 7.810370488001356915e-01 4.433629578536709692e-01 5.947497148477026707e-01
1.389689627765469115e-01 2.154433691327557909e+00 7.810370488001356915e-01 9.374268815329706017e-01 3.337116725593822775e-01
3.746261092379061380e-02 3.325035516734638819e+00 9.993910878171869960e-01 5.963393340851388391e-01 2.555141954874155519e-01
1.757665427520846979e-01 1.775671009127089972e+00 8.123597367760768684e-01 9.491867898257911884e-01 4.242107107802365329e-01
0.000000000000000000e+00 5.055164982338402169e+00 3.112622217668937097e+00 9.253444378893875832e-01 6.010559410678618653e-01
6.148754619013454409e-02 5.055164982338402169e+00 3.112622217668937097e+00 2.592810638735822404e-01 1.401984201588637735e-01
7.160574999357446901e-02 3.524944870072849845e+00 9.763806075384295902e-01 3.839363946431947894e-01 2.265103065679677508e-01
0.000000000000000000e+00 5.672607749815581357e+00 3.048185697984068021e+00 9.454915847429107290e-01 5.727078238745828553e-01
0.000000000000000000e+00 5.672607749815581357e+00 3.048185697984068021e+00 1.898249163341546031e-01 8.872011225155794489e-02
3.535533905932737864e-01 5.672607749815581357e+00 3.048185697984068021e+00 2.215338322227014267e-01 1.602180357415717571e-01
1.556884377890906945e-01 1.792821276853966861e+00 8.045944739264083712e-01 9.576814409913755322e-01 3.834713696790318371e-01
0.000000000000000000e+00 3.564526902074152570e+00 9.810047060188047396e-01 5.840268155741595857e-01 2.304855606301708104e-01
2.086544600222599577e-01 3.564526902074152570e+00 9.810047060188047396e-01 3.927279313292038609e-01 2.275578613447354903e-01
0.000000000000000000e+00 6.312519430921637920e+00 2.998054051749260651e+00 9.086380281458678043e-01 4.741435387069765639e-01
4.478342947514800665e-01 6.312519430921637920e+00 2.998054051749260651e+00 2.050758668864756662e-01 1.085963650679778042e-01
2.035743520615364288e-01 1.621324624748055054e+00 7.873989526558295982e-01 9.499471758996258508e-01 4.273183789783198683e-01
0.000000000000000000e+00 6.888588233847109166e+00 2.835076512421877304e+00 8.917551120596771685e-01 4.332588814234295538e-01
4.005549081019190716e-01 6.888588233847109166e+00 2.835076512421877304e+00 2.221615889249151932e-01 1.062262239366173616e-01
0.000000000000000000e+00 6.888588233847109166e+00 2.835076512421877304e+00 2.543883176784194067e-01 5.967099623158779453e-02
1.735495345305725079e-01 1.562362093710474742e+00 7.885555437145688185e-01 9.853875744316960006e-01 4.601202205406180190e-01
1.524758557814655420e-02 7.830684965463895253e+00 2.755717974901650269e+00 9.464075999405948680e-01 3.559095002826360155e-01
0.000000000000000000e+00 7.830684965463895253e+00 2.755717974901650269e+00 1.980671192944042369e-01 7.543482023472317111e-02
1.084353365938531377e+00 7.830684965463895253e+00 2.755717974901650269e+00 1.822181413019300367e-01 9.440455093068673975e-02
1.332624318390031870e-01 1.376122414285942952e+00 7.865550319928604761e-01 9.542999434319376917e-01 5.070040922789174065e-01
9.072741378496200146e-03 8.638552267530162254e+00 2.717918618441174772e+00 9.807285291016867301e-01 3.174513401347673902e-01
2.408825298547579152e-01 1.421627529544966073e+00 7.553491159241634278e-01 9.724255880685078735e-01 4.647203283874209445e-01
3.790114844922783388e-01 1.421627529544966073e+00 7.553491159241634278e-01 8.225541512579119807e-01 3.369587128163961665e-01
1.032272673265032144e-02 9.778375203134340055e+00 2.607532629978780214e+00 9.993099516926678971e-01 2.706051823531982481e-01
2.232968782694360887e-01 9.778375203134340055e+00 2.607532629978780214e+00 2.030948201173958245e-01 6.597402015477862869e-02
9.323553815998736338e-01 9.778375203134340055e+00 2.607532629978780214e+00 1.223557613606392619e-01 7.178268936090516361e-02
3.735478274380307218e-01 1.280464897623899700e+00 8.314643362796462212e-01 8.465552269023939314e-01 3.614703960271888339e-01
2.872621298570349202e-01 1.280464897623899700e+00 8.314643362796462212e-01 8.286955766452296368e-01 4.850216194983253959e-01
5.522927894943165938e-01 1.618626332831056658e+01 5.359675821245682314e+00 1.154895130379969409e-01 1.003342740786359738e-01
1.324551607409959163e-02 1.037654356322361160e+01 2.526637357621685176e+00 9.589013290710121096e-01 2.356235857191318894e-01
2.589405114204258451e-01 1.037654356322361160e+01 2.526637357621685176e+00 1.923812588135067059e-01 6.055260314075668060e-02
9.781954463970521374e-01 1.037654356322361160e+01 2.526637357621685176e+00 1.052343755276639176e-01 6.405363375144373927e-02
7.391419732525304764e-02 1.305214837911636838e+00 8.536615239624585350e-01 8.925398514110179926e-01 5.295344184103085716e-01
1.855594085469481902e-01 1.305214837911636838e+00 8.536615239624585350e-01 9.307862296035256389e-01 3.777016348860023909e-01
5.413029086681171442e-01 1.588978168077074926e+01 4.886883119437202438e+00 3.575208223720207634e-01 1.281646625667395012e-01
1.302565123238375207e-02 1.102139916969865041e+01 2.377596753739462443e+00 9.564710068915751595e-01 2.214096809171964553e-01
5.862326498765357830e-01 1.102139916969865041e+01 2.377596753739462443e+00 1.503145033936900687e-01 6.508645876790716822e-02
2.268807154018531447e-01 1.398149309023720921e+00 8.590763846609510423e-01 8.514980854921674336e-01 3.333116455450787496e-01
1.089143039166862448e-01 1.398149309023720921e+00 8.590763846609510423e-01 8.932790453174522805e-01 5.208211780378697586e-01
8.539671286796635119e-02 1.214639402349878239e+01 2.514418995590145478e+00 9.552370750756231654e-01 1.923489937852516651e-01
1.104624640767413624e+00 1.214639402349878239e+01 2.514418995590145478e+00 1.918183524917352056e-01 6.911859847127967138e-02
6.109416893798973458e-01 1.214639402349878239e+01 2.514418995590145478e+00 1.252249601877652718e-01 4.963998769485030577e-02
2.679358936098169552e-01 1.528259975981693941e+00 8.425032691283409481e-01 6.951981881801834184e-01 3.532617364472321331e-01
8.067493320636380527e-02 1.528259975981693941e+00 8.425032691283409481e-01 9.855071004610788110e-01 4.487497597849400832e-01
4.622131056175185493e-01 1.496707001889389765e+01 3.971387592946271639e+00 1.247712676355674927e-01 9.930369071977795947e-02
3.102902775313069461e-01 1.525067468386589908e+00 8.744598297177943458e-01 7.308965740607533679e-01 3.103383090559528323e-01
1.409923339210904236e-01 1.525067468386589908e+00 8.744598297177943458e-01 8.321389583419673830e-01 4.559470562095366830e-01
7.557269645816810932e-02 1.240262630335966776e+01 2.335805355534757766e+00 7.848484704485023666e-01 2.071465366641883632e-01
6.736510756593820926e-01 1.240262630335966776e+01 2.335805355534757766e+00 1.314580620158389557e-01 5.673375525747181847e-02
8.225214394853543887e-01 1.240262630335966776e+01 2.335805355534757766e+00 2.025259427408463708e-01 7.810101677037453727e-02
1.611076898727116236e-01 1.688580822050775865e+00 8.842798801215050464e-01 6.994736545489632640e-01 2.778762399836783858e-01
1.976369755615872345e-02 1.688580822050775865e+00 8.842798801215050464e-01 7.407894481772658857e-01 3.853705381836825539e-01
3.823876368585303887e-01 1.281964960108471629e+01 3.210983482225393537e+00 1.974039092240765791e-01 1.449746846990400684e-01
1.367603761806197304e-01 1.435343334032070750e+01 2.298101802088815759e+00 8.162898009727709292e-01 1.695923690012124951e-01
7.657828884960492521e-01 1.435343334032070750e+01 2.298101802088815759e+00 9.229663987639416534e-02 5.624775825697241050e-02
2.823238673370076501e-01 1.656919691606111300e+00 8.847813679517464447e-01 6.903897025288777689e-01 2.923337259698117752e-01
5.338798187271923817e-02 8.975716583077780086e+00 3.589880301867042434e+00 1.766864716349357545e-01 1.498305230639554175e-01
1.366646471272884578e-01 1.697971612495219418e+01 2.423478941591641345e+00 6.639759065106957125e-01 1.406188777912719956e-01
6.506693752385073193e-01 1.697971612495219418e+01 2.423478941591641345e+00 1.743325556154666223e-01 7.299774652587727453e-02
1.724942023583314055e-01 1.734698073799912876e+01 2.140651790282629641e+00 5.828321814486236985e-01 1.347974895882360358e-01
5.577157392888176801e-01 1.734698073799912876e+01 2.140651790282629641e+00 1.651499211710511505e-01 6.298728242280771106e-02
6.038158115977240170e-01 1.747353171845120556e+01 1.908508878288893928e+00 1.709231687387867127e-01 5.779848403436292636e-02
2.035030481085978449e-01 1.747353171845120556e+01 1.908508878288893928e+00 5.475690847561857089e-01 1.299183566310494753e-01
5.313629377557215205e-01 1.774513594775052638e+01 1.849145026485387255e+00 1.682091401545898757e-01 5.488615076887948946e-02
1.911969859878475397e-01 1.774513594775052638e+01 1.849145026485387255e+00 5.442804028855275922e-01 1.240004920880091316e-01
2.227015872173765398e-01 1.774513594775052638e+01 1.849145026485387255e+00 5.874320501150849527e-02 2.997202535320082559e-02
2.174160927748034489e-01 1.818358760748443359e+01 1.991311808774919090e+00 5.470613718390858748e-01 1.278845365633296538e-01
7.993209427476051232e-01 1.818358760748443359e+01 1.991311808774919090e+00 8.540166769065105079e-02 5.882507031538498909e-02
3.470809641528903589e-01 1.818358760748443359e+01 1.991311808774919090e+00 7.462601583463633614e-02 4.755534506899170705e-02
2.260919777019851640e-01 1.818358760748443359e+01 1.991311808774919090e+00 7.189732343832495876e-02 2.478882237682973957e-02
0.000000000000000000e+00 1.476697150199771214e+00 3.333194858357980683e-01 9.361227717512162760e-01 3.801358762369992927e-01
1.142221122839537140e+00 5.309076754783564667e+00 2.991630813451163551e+00 3.704166173459864653e-01 2.033430646099051442e-01
6.486439674489304918e-01 5.309076754783564667e+00 2.991630813451163551e+00 7.944173440202343395e-01 5.058934426091349357e-01
9.139609201470873245e-02 1.424713703337994808e+01 2.196943279518949854e+00 7.576543807420381693e-01 1.679299117344622283e-01
3.961297281051834318e-01 1.424713703337994808e+01 2.196943279518949854e+00 9.526545155339674609e-02 5.811691369310870159e-02
2.177790651817231027e-01 1.750407020483441656e+01 2.457150515338409225e+00 7.258790025202969121e-01 1.426050583648663939e-01
2.051872356121680480e-02 1.628046096140230325e+00 1.154358100496399864e+00 2.256259209442346425e-01 4.590725133564024230e-01
0.000000000000000000e+00 1.628046096140230325e+00 1.154358100496399864e+00 4.773183174672863127e-01 4.296518776697913489e-01
8.349583586450867179e-01 2.305085570172557663e+00 1.061498289337055256e+00 8.917117287326170594e-01 9.071871034153852209e-01
2.051872356121680480e-02 3.162014799383174868e+00 7.485772989182155612e-01 4.382139442129636686e-01 8.916173102619219248e-01
0.000000000000000000e+00 3.162014799383174868e+00 7.485772989182155612e-01 9.270545762963671166e-01 2.212175168427662486e-01
2.256005483312810145e-01 1.986969238133521287e+01 5.052598899747618333e+00 6.394581645494323840e-01 1.256269551272938267e-01
9.450070788845533754e-01 2.740394113707537826e+00 1.045015634262785209e+00 7.500643167979549331e-01 7.630814455006585950e-01
0.000000000000000000e+00 3.379550539062730508e+00 2.655905649901017185e+00 9.908327417297759787e-01 2.069781333507200172e-01
2.051872356121680480e-02 2.452397050436371018e+00 7.621026039769205340e-01 3.398701943006721682e-01 6.915210081340845694e-01
0.000000000000000000e+00 2.452397050436371018e+00 7.621026039769205340e-01 7.190054609947591491e-01 2.852283083667704888e-01
8.262042620697243045e-01 1.796547836856055724e+01 2.510951834348528866e+00 8.129026120701440261e-01 3.675245205736211163e-01
0.000000000000000000e+00 2.322211539906168021e+00 1.984559085164999015e+00 7.874652479899375557e-01 3.025006870091110911e-01
6.245582746286987286e-01 2.308146376839747660e+00 1.036443363832566078e+00 8.893705143051912065e-01 8.820326317671915994e-01
0.000000000000000000e+00 3.137894522170429745e+00 7.644198185316530836e-01 9.397926432920769013e-01 2.238668576138799771e-01
4.700603534653993165e-01 2.009482842276563019e+01 5.110737838656865151e+00 7.267633236593014079e-01 3.285797562123324300e-01
7.247932788886597422e-01 3.501485760342001985e+00 1.015184360945171393e+00 5.862646518548533248e-01 5.814275889184313817e-01
0.000000000000000000e+00 3.305311947269487405e+00 2.625807772352545477e+00 8.921911863109973639e-01 2.125277726909895193e-01
0.000000000000000000e+00 2.401718162649665089e+00 7.806408874865298220e-01 8.144260572528525532e-01 2.924866860427577375e-01
8.342302172904625390e-01 1.774131557643817914e+01 2.395577398752785747e+00 8.222029590873043414e-01 3.733475437481885706e-01
0.000000000000000000e+00 3.324426966170780595e+00 2.095812238354528567e+00 9.943205232368005353e-01 2.129297052914814192e-01
0.000000000000000000e+00 3.130546495829150011e+00 7.692857139441982017e-01 9.363317833194551021e-01 2.261168313944218189e-01
5.031015476968112576e-01 1.995877535802332403e+01 5.151448569820891166e+00 7.308545691499689356e-01 3.318678864062663547e-01
0.000000000000000000e+00 3.365021847690634615e+00 2.689936350286188826e+00 9.935792306718297384e-01 2.103609682818547710e-01
3.419212191827308150e-02 3.141483475643505052e+00 9.766331778690915399e-01 7.082556165338037557e-01 6.142056847475730885e-01
0.000000000000000000e+00 2.725272371997678356e+00 7.514559332005712466e-01 8.151161924934048342e-01 2.597425715841076843e-01
8.313385206292444041e-01 1.738394933751880700e+01 2.450196930920583327e+00 8.332753750438597340e-01 3.818664338277801273e-01
0.000000000000000000e+00 3.922959766102701806e+00 2.583389791206754715e+00 9.473535498905710783e-01 1.799054659321276117e-01
1.384412095259323627e-01 2.166506898137905424e+00 9.947981087155034485e-01 9.977215689015698219e-01 7.657848369942732436e-01
0.000000000000000000e+00 3.098275381947971585e+00 7.664378398190645481e-01 8.336698116872499620e-01 2.277918575817378943e-01
4.324432095861520664e-01 1.981100837281109861e+01 5.282766706464848028e+00 7.311902873073690134e-01 3.350837380126327480e-01
4.697152763687872240e-02 3.160843657990876743e+00 1.050597149624175497e+00 6.869857045598900536e-01 5.248845913790188833e-01
0.000000000000000000e+00 3.691330489050475006e+00 2.704385226258463781e+00 9.932463755843736752e-01 1.911944505232423264e-01
0.000000000000000000e+00 2.703947754928710534e+00 7.601111460523248819e-01 7.275659319367223654e-01 2.610116646178706756e-01
8.353952733177926193e-01 1.740005251359751526e+01 2.423099928876901288e+00 8.338546879320415384e-01 3.902962351939345820e-01
0.000000000000000000e+00 4.265952384866374736e+00 2.577518913088983954e+00 6.950185145699712130e-01 1.680216670531598511e-01
1.343636534454006048e-01 2.155106992976913105e+00 1.035610062029529876e+00 9.075725514093423429e-01 4.862018823878675455e-01
0.000000000000000000e+00 3.030093380477467235e+00 7.783579496913045626e-01 9.784899399004188814e-01 2.365512679882181835e-01
4.810921830873977068e-01 1.982264531422706710e+01 5.169513193389066785e+00 7.319464747882836742e-01 3.425968068630941277e-01
0.000000000000000000e+00 2.379546386341633735e+00 7.703481064681618751e-01 8.025679226055268956e-01 3.012222982451007169e-01
1.854723699099141143e-01 3.179487384797848204e+00 1.000443049573633392e+00 7.468448271820631312e-01 3.295553496272960459e-01
8.261415176829992602e-01 1.766307415641227863e+01 2.394224142519799425e+00 8.202156109050944277e-01 3.834181623961477325e-01
0.000000000000000000e+00 4.703016856284053304e+00 3.087160705196690724e+00 6.973125920573270964e-01 1.508333156131017316e-01
0.000000000000000000e+00 3.449535513126527508e+00 8.045956683166024526e-01 9.506998440994004484e-01 2.056426504722900228e-01
4.317708816565221097e-01 1.971733484114142954e+01 5.449730770378675260e+00 7.347610250770080231e-01 3.434715436889357321e-01
5.056911266484060974e-01 1.971733484114142954e+01 5.449730770378675260e+00 1.663243486488809597e-01 3.597705427903383213e-02
0.000000000000000000e+00 2.382734460375249164e+00 7.699002694081304998e-01 7.265601977897214736e-01 2.977132524057731211e-01
8.250242312176265802e-01 1.747288566280287370e+01 2.372070468623020734e+00 8.270195661712941293e-01 3.913263368599523839e-01
0.000000000000000000e+00 5.062222830116308359e+00 3.570898352209181503e+00 5.810205470923734961e-01 1.427550010617784360e-01
0.000000000000000000e+00 3.058742890847931939e+00 7.927077039073676668e-01 9.615896409790487542e-01 2.362596829077976412e-01
4.468929870103313107e-01 1.986109225645735066e+01 5.261857485513143473e+00 7.275742005535298373e-01 3.442711132150524378e-01
4.771197911138588821e-01 1.986109225645735066e+01 5.261857485513143473e+00 1.480913255060986311e-01 3.638559330760160471e-02
0.000000000000000000e+00 2.670460609831393661e+00 7.888099970384284676e-01 9.079322179157662820e-01 2.706116026679905029e-01
8.267921668364597299e-01 1.738519274852057350e+01 2.444633889613129885e+00 8.314257290600541861e-01 3.873334722850322320e-01
0.000000000000000000e+00 5.456997550490193305e+00 3.058727692564471745e+00 5.225456501633752859e-01 1.227306121747785000e-01
3.549673001389504479e-01 2.228141173093233895e+00 1.015060962810717671e+00 4.254681634514427824e-01 3.101462759804680114e-01
0.000000000000000000e+00 3.050468337366618599e+00 7.966203915405228875e-01 9.347844388453767639e-01 2.195533852307072209e-01
4.688794922564184509e-01 1.962053254305381955e+01 5.411539223679699973e+00 7.367025601405275959e-01 3.432051122390661901e-01
4.850818305318349011e-01 1.962053254305381955e+01 5.411539223679699973e+00 1.453339926785198466e-01 3.413468255962470721e-02
4.623310502226731789e-01 2.863732189347217627e+00 9.981741326214244037e-01 3.310376355557944072e-01 2.413108634125251117e-01
8.283922245863473144e-01 1.673822079769647431e+01 2.282476835282397865e+00 8.640112502447414577e-01 3.964264403867399089e-01
0.000000000000000000e+00 5.728069358430356139e+00 3.130172403776391388e+00 2.811154122052116899e-01 1.221616217223077255e-01
0.000000000000000000e+00 5.728069358430356139e+00 3.130172403776391388e+00 5.612551335583074730e-01 1.172893355044477837e-01
0.000000000000000000e+00 2.611006670697888055e+00 7.960046800318343330e-01 6.167156127581986391e-01 2.680001740388801568e-01
0.000000000000000000e+00 2.611006670697888055e+00 7.960046800318343330e-01 8.121558689750337789e-01 2.573112724350530289e-01
4.478604182556425450e-01 1.971737547362005216e+01 5.407242223124912428e+00 7.334653183248978081e-01 3.365292352481564220e-01
4.906406154752299686e-01 1.971737547362005216e+01 5.407242223124912428e+00 1.630495061119222322e-01 3.407357382185799421e-02
0.000000000000000000e+00 3.220869705387612747e+00 2.874088850595411415e+00 4.999421665960896433e-01 2.172550603314455653e-01
0.000000000000000000e+00 2.647441789228437869e+00 7.818764090236696163e-01 6.082281338108204150e-01 2.643118519208855211e-01
0.000000000000000000e+00 2.647441789228437869e+00 7.818764090236696163e-01 8.234890439084695535e-01 2.537700551178065367e-01
8.333799733785717256e-01 1.755748166358078066e+01 2.399610399580677900e+00 8.202242291401482532e-01 3.835045597017466279e-01
0.000000000000000000e+00 5.900426235164229816e+00 3.532763282437896279e+00 4.431106169760357094e-01 1.455101858904687406e-01
0.000000000000000000e+00 5.900426235164229816e+00 3.532763282437896279e+00 4.809522361690803938e-01 1.173751546848357391e-01
0.000000000000000000e+00 3.395985941495755611e+00 7.783558857536678754e-01 8.356404416983630457e-01 2.039358978482184726e-01
4.759451080153004332e-01 1.945812445426474824e+01 5.191439746074461681e+00 1.458425861558801107e-01 3.559250757629270345e-02
0.000000000000000000e+00 2.345698544127531981e+00 7.735376945951998318e-01 8.971739540633220100e-01 3.660198026985118092e-01
0.000000000000000000e+00 2.345698544127531981e+00 7.735376945951998318e-01 8.265837528616232222e-01 2.952482721160826218e-01
0.000000000000000000e+00 3.686269240775799538e+00 2.881129967134956615e+00 7.092649339240783002e-01 2.329108543713029333e-01
6.762481259760498853e-01 7.488671918888718526e-01 6.249165766739266381e-01 9.799084651338014762e-01 9.729855562597270469e-01
1.078217699375761729e+00 7.488671918888718526e-01 6.249165766739266381e-01 4.131022883350806696e-01 5.538390686986374156e-01
3.450166617451237983e-01 1.850717437055121817e+00 1.327517729438870031e+00 3.965063957902441594e-01 3.937051365464343533e-01
1.986242846310440624e-01 1.850717437055121817e+00 1.327517729438870031e+00 9.795059690484687609e-01 7.306024080290539624e-01
5.304080729845761510e-01 7.414324855493723554e-01 6.629374260913672989e-01 9.933889378056184327e-01 8.811416742910028743e-01
4.003360796903909224e-01 7.414324855493723554e-01 6.629374260913672989e-01 3.994606570655205857e-01 8.596035559640722301e-01
6.233989345667149129e-01 1.934517598978348296e+00 1.524086472777529400e+00 3.858154420673937657e-01 3.377105806820968059e-01
2.071412623161620614e-01 1.934517598978348296e+00 1.524086472777529400e+00 9.594556695516308631e-01 4.458622693277367599e-01
9.575775334197687005e-01 6.684822763134625756e-01 4.089895569061776648e-01 8.956485065755758201e-01 9.772990022915238884e-01
1.885618083164126435e-01 6.684822763134625756e-01 4.089895569061776648e-01 3.601573636674014200e-01 7.750263888049521155e-01
8.096980803790320147e-01 7.210242004888198775e-01 7.023127707857643731e-01 9.694629024278452745e-01 8.804893397062349969e-01
5.103931154473030363e-01 7.210242004888198775e-01 7.023127707857643731e-01 2.711109694446441898e-01 4.603195366408736611e-01
2.494946515729242476e-01 3.089661289043015735e+00 1.529702183036838026e+00 8.607794300114572916e-01 5.069668505737995323e-01
4.503703655426719576e-01 3.089661289043015735e+00 1.529702183036838026e+00 2.276635408695759366e-01 1.095465116175441955e-01
7.225129642874549285e-01 6.822888011940779762e-01 3.720172630514584355e-01 2.565461439540389077e-01 4.355899075342965499e-01
2.447677319491895487e-01 6.822888011940779762e-01 3.720172630514584355e-01 9.699824693972581846e-01 4.960679637450936541e-01
1.744732322201306418e-01 7.476569525172837016e-01 5.579703168627853094e-01 9.918965955033738346e-01 6.309895124553279722e-01
7.564736400384225457e-01 7.476569525172837016e-01 5.579703168627853094e-01 2.252360073481393388e-01 4.391072296571776334e-01
1.969884636091950025e-01 7.476569525172837016e-01 5.579703168627853094e-01 8.826588319144824668e-01 7.396020235197104942e-01
7.950151920657045901e-01 2.983547235879582260e+00 1.486190457581027413e+00 8.988109652181153209e-01 5.706881707737574416e-01
5.383476937483037128e-01 2.983547235879582260e+00 1.486190457581027413e+00 2.211883909346231136e-01 1.853393129930929195e-01
1.288155791768949454e+00 6.887198241661993681e-01 3.356758876465137931e-01 2.074808544940552335e-01 4.044927997812033937e-01
6.832717211465515472e-01 6.887198241661993681e-01 3.356758876465137931e-01 9.581922709725810838e-01 8.028933908644434458e-01
0.000000000000000000e+00 6.887198241661993681e-01 3.356758876465137931e-01 4.747270843057069256e-01 6.865723884211166750e-01
0.000000000000000000e+00 7.816793408817012123e-01 3.951831368255008803e-01 9.533894355587976266e-01 6.540855104914345963e-01
1.419923721239294834e-01 7.816793408817012123e-01 3.951831368255008803e-01 2.134762472304651548e-01 5.635474131522719698e-01
6.870402361471203423e-02 3.520912071499435747e+00 9.176133183328540888e-01 9.615593716527478518e-01 3.939517137040635109e-01
1.277375137850409903e+00 6.770663807362597986e-01 1.391425758205273866e-01 9.303896961210319505e-01 7.355021890494457537e-01
0.000000000000000000e+00 7.291557307055624992e-01 5.387792371872250907e-01 9.980356721905454531e-01 6.829594614602204627e-01
3.444436037065562450e-01 3.829570356791639263e+00 1.316371058872470190e+00 1.900274344185155506e-01 1.300364685245026797e-01
9.145393073008615259e-01 3.829570356791639263e+00 1.316371058872470190e+00 9.564147878873845432e-01 4.245427450142226222e-01
6.983857095830471318e-01 6.368809558861054931e-01 6.273615577460074366e-01 1.739318788210025835e-01 4.591558154405395165e-01
3.852996796405155910e-01 6.368809558861054931e-01 6.273615577460074366e-01 1.738849230500254528e-01 3.917299582875520825e-01
